0 54,8623 41,2753 52,6184 39,037 41,4405 65,7681 30,2435 31,5044 36,2541 63,02 49,0494 69,8057 39,2944 59,9248 40,4135 38,8994 38,6631 17,7471 48,0572
54,8623 0 40,3638 49,8208 52,2766 37,9069 50,9855 24,6188 25,8796 65,727 77,0245 21,5352 52,3497 38,383 84,4861 38,9339 35,9207 33,0383 42,3085 27,5152
41,2753 40,3638 0 15,3048 45,0728 4,12695 29,2476 17,415 16,1542 46,9467 41,1905 18,8287 49,6432 1,98086 55,129 3,09992 4,44312 8,99547 23,5281 18,7114
52,6184 49,8208 15,3048 0 52,8598 13,232 38,3526 25,202 25,2592 39,4973 50,2955 30,1718 60,9863 13,324 66,4721 џэт.00 15,7862 18,1005 34,8713 30,0545
39,037 52,2766 45,0728 52,8598 0 40,9459 68,1206 27,6578 28,9186 68,766 80,0635 54,3151 67,2199 43,092 83,5038 41,9729 45,5542 36,0774 45,3475 59,8225
41,4405 37,9069 4,12695 13,232 40,9459 0 27,1747 13,2881 12,0272 47,1119 39,1176 18,9939 49,8084 2,14609 55,2942 1,02703 4,60835 4,86853 23,6934 18,8766
65,7681 50,9855 29,2476 38,3526 68,1206 27,1747 0 40,4628 39,202 71,4396 64,2383 41,2543 72,0688 27,2667 66,517 26,1477 26,8687 32,0432 48,021 43,9973
30,2435 24,6188 17,415 25,202 27,6578 13,2881 40,4628 0 1,26085 41,1082 52,4057 32,282 39,5621 15,4342 59,8674 14,3151 17,8964 8,41956 17,6897 32,1647
31,5044 25,8796 16,1542 25,2592 28,9186 12,0272 39,202 1,26085 0 42,3691 51,1449 31,0211 40,823 14,1733 61,1282 13,0543 16,6356 7,15871 18,9505 30,9038
36,2541 65,727 46,9467 39,4973 68,766 47,1119 71,4396 41,1082 42,3691 0 26,7659 54,7208 80,6704 44,9658 36,3105 46,0849 44,5709 49,5278 23,4185 53,7286
63,02 77,0245 41,1905 50,2955 80,0635 39,1176 64,2383 52,4057 51,1449 26,7659 0 56,0575 86,872 39,2097 30,8083 38,0906 41,6719 43,9861 50,1845 55,9402
49,0494 21,5352 18,8287 30,1718 54,3151 18,9939 41,2543 32,282 31,0211 54,7208 56,0575 0 30,8145 16,8478 65,0714 17,9669 14,3856 23,8624 31,3023 5,98001
69,8057 52,3497 49,6432 60,9863 67,2199 49,8084 72,0688 39,5621 40,823 80,6704 86,872 30,8145 0 47,6623 95,8859 48,7814 45,2 47,9817 57,2518 36,7945
39,2944 38,383 1,98086 13,324 43,092 2,14609 27,2667 15,4342 14,1733 44,9658 39,2097 16,8478 47,6623 0 53,1481 1,11906 2,46226 7,01461 21,5473 16,7305
59,9248 84,4861 55,129 66,4721 83,5038 55,2942 66,517 59,8674 61,1282 36,3105 30,8083 65,0714 95,8859 53,1481 0 54,2672 50,6859 60,1627 42,1777 69,8786
40,4135 38,9339 3,09992 џэт.00 41,9729 1,02703 26,1477 14,3151 13,0543 46,0849 38,0906 17,9669 48,7814 1,11906 54,2672 0 3,58132 5,89556 22,6663 17,8496
38,8994 35,9207 4,44312 15,7862 45,5542 4,60835 26,8687 17,8964 16,6356 44,5709 41,6719 14,3856 45,2 2,46226 50,6859 3,58132 0 9,47688 21,1523 19,1928
38,6631 33,0383 8,99547 18,1005 36,0774 4,86853 32,0432 8,41956 7,15871 49,5278 43,9861 23,8624 47,9817 7,01461 60,1627 5,89556 9,47688 0 26,1093 23,7451
17,7471 42,3085 23,5281 34,8713 45,3475 23,6934 48,021 17,6897 18,9505 23,4185 50,1845 31,3023 57,2518 21,5473 42,1777 22,6663 21,1523 26,1093 0 30,31
48,0572 27,5152 18,7114 30,0545 59,8225 18,8766 43,9973 32,1647 30,9038 53,7286 55,9402 5,98001 36,7945 16,7305 69,8786 17,8496 19,1928 23,7451 30,31 0
