1 8 19 19 5 19 19 8 8 10 10 19 8 19 19 19 19 8 19 19
8 2 12 8 8 8 7 8 9 8 8 12 12 12 8 8 12 8 8 12
14 14 3 14 14 14 14 14 14 14 14 14 14 14 14 14 14 14 14 14
16 8 16 4 8 16 16 8 16 10 16 16 16 16 16 16 16 16 16 16
1 8 8 8 5 8 8 8 8 8 8 12 8 8 15 8 8 8 8 8
16 18 16 16 18 6 16 18 18 16 16 16 16 16 16 16 16 18 16 16
17 2 16 16 16 16 7 16 16 17 16 17 17 16 15 16 17 16 17 16
1 2 9 4 5 9 9 8 9 19 9 9 13 9 19 9 9 9 19 9
8 8 18 18 8 18 18 8 9 8 18 18 8 18 8 18 18 18 8 18
1 19 19 4 19 19 19 19 19 10 11 19 19 19 15 19 19 19 19 19
10 16 16 16 16 16 16 16 16 10 11 16 16 16 15 16 16 16 10 16
19 2 17 17 5 17 17 17 17 19 17 12 13 17 17 17 17 17 19 20
8 12 12 12 8 12 12 8 8 8 12 12 13 12 12 12 12 8 8 12
19 17 3 16 16 16 16 16 16 19 16 17 17 14 17 16 17 16 19 20
19 19 17 17 5 17 7 19 19 10 11 17 17 17 15 17 17 17 19 17
14 6 14 4 6 6 7 6 6 14 11 14 14 14 14 16 14 6 14 14
19 12 14 14 14 14 7 14 14 19 14 12 12 14 15 14 17 14 19 14
9 9 6 6 9 6 6 9 9 9 6 6 9 6 6 6 6 18 9 6
1 8 14 14 8 14 17 8 8 10 10 12 8 14 15 14 17 8 19 20
19 12 14 14 14 14 14 14 14 19 14 12 12 14 14 14 14 14 19 20
